time_spent
1102.5818156666667
169.2093230000007
1166.9785570000029
165.69813000000016
359.07997059999747
3101.1666380000215
1031.515553999991
711.5764970999974
267.4142529999998
787.0020529999999
732.6112959999951
208.0796400000005
34.54701966666715
397.62438366666566
179.8047440000011
226.70367400000166
692.8773820000002
78.01036300000028
1164.07328
1095.3167239999952
719.144269000002
174.38449100000022
225.26753566666682
231.80458899999806
36.10159459999978
1217.3136520000003
431.4327667500011
51.75973199999982
104.95383400000061
225.6203549999996
99.96819400000089
238.20212499999977
1022.5231937500005
446.0803380000013
627.2950879999996
180.78387700000087
886.632606
457.5843310000031
393.1191589999987
429.6346699999975
435.11160800000243
1770.9074970000017
19.372735999999986
896.5332973333301
379.73209099999895
1113.7232078000093
948.3558769999981
49.164976000000344
348.265225416667
330.0202209999981
972.1008310000001
513.4054290000001
905.7042886666613
1019.1290329999975
138.6322800000014
805.8737670000012
421.8040495000001
49.143401666667145
480.4057819999958
3131.9714619999795
450.6714661999998
354.8818169999997
497.2186429999981
222.06077699999958
1766.31741357857
1064.1659589999977
25.401969000000225
546.0118509999994
129.20361699999856
295.83963400000124
264.54040600000025
418.99267508333304
88.9149280000001
1488.599357
615.0801249999984
259.4622508
73.74367199999955
713.6286609999992
516.1651859999954
224.16671533333394
149.9147222499996
378.22917928571405
699.6089419999986
1270.093506999998
138.10446500000114
180.43628499999923
79.25871300000018
269.6423307500016
213.21340499999943
29.602497000000497
382.09935800000216
301.5734280000006
1583.2025436666743
64.33307702380932
21.699787000000036
1513.0144407333344
355.46628199999896
201.2973499999994
285.42741399999693
2222.0106934999953
35.098268999999846
431.570157999997
511.15537500000505
96.84553000000102
3894.077927000006
1114.0259946095196
1535.5426629999893
172.51856650000036
131.64174599999973
276.75003299999975
135.71101200000075
332.35885299999893
599.4309610000005
1284.5473500000014
1836.037864000023
393.7340530000002
97.75868100000012
4086.7561140000203
636.4133059999992
117.32458799999884
2531.3803379999968
493.25097000000403
425.37438200000366
624.9326569999995
445.4860599999994
1122.2828780000013
174.90402800000052
20.263842000000167
95.78716599999939
226.32271300000036
1150.1021220000005
1502.011131999988
2454.814447999984
263.4146639999981
825.237155900002
5269.506834000009
407.8804060000018
3595.271310999962
647.7575650000016
2270.4006519999975
284.3309629999986
206.9515879999978
596.6142770000008
604.7007629999996
101.02096299999992
716.9502160000012
198.4717590000014
1767.2558870000048
530.1594542499984
38.10746500000002
993.7640490000047
933.3258470000125
156.68265799999983
1318.0866460000027
41.08394800000024
324.25015799999807
366.43506850000216
443.73674275000263
546.6543560000023
445.6976370000023
892.7823970000061
1295.8840020000007
183.02272299999808
257.38837800000135
789.7981579999989
3650.996081999996
102.4635740000006
231.71325799999948
1616.6414300000017
307.3976099999982
615.3885350000024
1494.8167367999952
64.65663663333375
169.17709999999943
348.66700000000026
146.0665820000011
71.60576499999998
126.65045499999847
51.81689500000024
1374.0767850000032
57.87865799999953
684.1586049999983
670.6906009999975
42.6187209999999
771.7176739999984
258.11849633333594
961.0225239999969
477.0833558333327
156.17204208333303
468.5059130000004
212.3854059999996
186.75260000000011
134.87446099999894
1174.028621
797.3859729999978
19.982770000000016
604.2515459999952
347.63034700000156
133.9015842619045
4464.227001999977
66.05574200000027
335.50065874999933
1293.5358709999964
5549.166350000032
734.4080000000024
981.5559330000029
772.6876420000011
467.8272849999992
131.66226199999838
232.69388500000088
1660.9050859999938
1003.2124330000025
135.24974046666674
1475.8638394999982
678.3858389999983
1422.5337080000108
110.30326499999923
31.03867400000018
2327.9915939999905
255.19104161904818
1021.6731190000102
147.3947969999999
83.81365000000095
180.93845800000082
3297.0638819999967
204.35488400000034
2002.6982245000158
407.1704514999967
127.1563539999998
61.94811350000034
381.06674899999837
141.88904900000014
1641.7579909999984
916.5048660000002
163.18779099999983
85.81398800000021
1578.7042099999849
164.68239344999904
2507.461364200006
227.32390100000092
240.6585919333339
2039.9298694999839
178.2852610000002
200.81547900000007
1707.8338979999876
735.4728769999952
1282.797787999996
585.0288230000007
654.9191229999997
246.9608690000012
45.85014700000002
229.12349933333306
152.21210900000023
1546.6283689999975
62.37394300000019
97.10348762380883
502.60141700000446
38.52553499999922
49.20601299999961
365.2775229999991
962.7171810000053
309.3149525000022
299.6413689999999
913.3629384166728
575.0357210000026
508.11038899999954
227.9535664999999
192.1329350000003
844.5729080000077
398.0870790000018
792.953029000003
924.3236352333366
965.1088450000011
1092.583347999999
33.09323300000007
25.74138899999997
98.92283799999994
900.3017658333343
40.305292999999956
118.55996700000111
294.0040559999992
481.6770279999986
716.3668002500001
182.88352700000044
204.10948199999893
420.29242800000156
393.0877890000009
334.209383999999
466.16480200000194
912.0976845833328
229.3481159999985
143.92009100000038
491.56317200000035
893.1472534999959
148.45636936666702
946.301273999994
143.41457399999922
1166.2907240000022
636.2240820000011
1238.0060704999973
257.85784966666347
613.8748469999986
2113.57010899999
6252.728418999997
74.55288799999992
28.999321000000325
1835.8160450000228
169.6335470000003
1281.1270000000015
77.5747089999998
448.03177599999646
430.15740100000073
1591.1807259999982
131.6564000000008
363.6809009999998
1664.572151000001
863.4950129999947
2545.79291099998
281.4422440000012
1705.4537600000072
789.2547652499957
1119.9956010000017
294.4277080000009
233.40903099999954
202.752497000001
304.85199300000073
257.1389235357138
33.45356099999984
220.33867741666768
400.33925533333354
174.1122810000006
334.0803841333345
2757.6746890000027
4200.566387999999
43.53176433333366
677.1576049999969
121.67488700000021
178.73011799999946
386.8318409999998
676.8280560000002
223.8700979999982
2631.536126999985
60.09659199999937
126.36367474999916
156.0268739999996
34.48093199999969
1013.4736735000013
254.98328600000158
702.8216290000009
1060.3274009999986
857.3547955000034
1597.2601039999988
97.88411599999996
467.38422400000144
87.40713500000014
79.5761265000005
330.1757360000004
152.21543599999953
562.2868364000014
27.848594999999996
554.712203999996
315.9746959999968
210.17549461666573
3038.569886000018
387.85842499999967
1698.6378679999907
46.41139299999978
56.66875400000004
1733.242013999999
809.9810410000011
805.4104940000009
226.02377499999866
175.46603199999976
251.67360564999925
551.549251
261.55278099999845
315.0111879999988
1170.9711690000079
1877.0291636000045
521.3309340000005
556.7813240000022
736.333057000001
1170.9888130000065
197.30245649999986
582.0558300000023
199.4580388499986
1953.1040369999987
182.68658400000112
766.3896230000063
886.9245932499944
187.76418999999942
550.3754100000037
634.7166529999997
713.6092650000012
207.96902600000163
139.8685759999991
149.34801799999943
130.01412408333243
1457.633765999996
2853.294670000017
119.63045499999967
875.5317749999988
145.38885300000058
65.78317000000015
377.9359696666658
234.58502999999953
330.4862629999991
672.9489400000031
247.95190899999727
1348.3344490000009
404.75488300000416
365.61765600000257
404.2009430000002
603.0246050000009
631.2206956666647
2104.074785999998
542.2387882499997
262.09478700000017
220.47844899999836
743.8633970000004
26.758279999999697
632.3173560000021
301.68115399999846
90.40232599999987
210.31104624999895
255.48982400000077
1421.838902000008
334.1078730000009
1025.0274039999947
332.98150499999946
260.2079400000006
76.61989663333325
24.318194000000275
737.0005720000045
508.33890199999814
555.0940438333347
215.6572300000007
375.2576130000003
384.4028100000017
1597.8829775499994
224.1139389999995
216.2871930000004
285.1639924333336
30.0910779999995
35.134669000000265
316.24548300000083
289.98710299999993
680.089213
24.193223999999862
796.6483720000027
219.6228649999996
373.673799000002
541.9743019999993
33.313781999999534
996.1456079999917
362.14671416666664
5701.53087199995
555.0375439999955
611.0724859999953
318.15822100000054
191.79016966666438
1133.6646319999886
237.65293100000133
21.413308000000008
502.44059075000126
933.0187000000025
304.0444807333338
151.8560520000004
206.3282700000009
23.32377699999996
4126.2377249999645
193.8389513142876
405.12285399999985
77.13164800000025
311.81285499999746
2853.5789506309484
1787.5260309999956
20.406545999999942
1189.7393568999976
121.91149499999997
185.88580099999774
366.5075920000035
123.14999699999917
1733.5854709999917
917.3324729999928
195.245914
1001.4635684999998
448.6740960000017
769.690769
619.8983670000013
20.98877699999999
479.8410109999992
802.7944440000003
1642.9858738666687
2163.5340070000207
119.83403700000055
1358.5345210000041
1421.444149999995
802.7548649999999
2986.7311229999978
1002.0532470000044
1035.9303849999967
1850.6768009999903
330.2082860000003
1395.0841562500075
415.4029513499999
246.99585799999986
315.0910125000002
164.04352099999986
918.2482300000031
423.03845499999943
1128.1511210000003
299.13670300000007
731.0616920000043
370.5023580000009
267.3961867833337
316.2049630000005
153.29531374999988
619.6849809999985
740.5234339999997
1054.6829093333354
288.7600170000012
206.18884099999914
85.48404299999861
16384.122724550063
423.7963714999994
311.271784
484.87294999999705
714.8164680000012
935.2774570000009
309.8690520000032
174.77785500000127
924.1868770000019
1539.5856599999986
182.31307399999946
296.87230799999963
1022.5231937500005
1397.6426790000055
1071.787506000005
911.7397650000042
666.6450810000022
1077.947070999996
22.00568199999987
34.54922383333368
334.9854890000018
1002.5877230000002
967.4992770000031
1014.1148548000091
193.81689399999956
548.1730180000038
167.4887109999998
410.78452699999787
394.5255090000026
346.1841923333353
2193.6208753333417
127.45879099999914
517.5678240000037
706.8263786666674
404.09212000000036
416.52191599999765
1018.8583930000086
668.2387709999994
459.4525120000015
74.49657599999995
405.075228000001
534.3965099999996
758.1514450000086
247.19496666666558
1563.7625109999997
221.83974834999972
677.038388999996
211.6755336666667
1145.058451000005
2125.263555999995
183.2412389999997
708.1434890000048
994.7173860000095
134.7007940000006
235.52417999999668
197.16646800000012
231.68859500000028
895.9993300000034
34.176717000000146
105.24049733333293
577.3214850000021
30.850041999999924
340.96287599999937
689.4145520000088
161.61990600000053
77.3530659999997
385.27903533333495
148.65603400000032
98.92774799999958
292.2895852500003
861.945710350003
613.5945267999977
1114.8693909999954
1073.491783000006
187.1506789999987
496.5984389999947
614.2508170000032
134.18345100000047
182.42748199999866
110.59787200000082
294.8859739999994
1101.4834320000004
146.63669599999932
1375.572643714285
934.6457280428538
189.46085999999917
169.3710870000009
2675.659135000005
198.10476199999957
1154.566002000012
55.90780799999989
180.02648000000033
537.0708780000037
254.49784400000124
177.13903999999945
348.41344950000075
36.244031000000234
33.899985999999885
1088.675429000002
366.2038419999993
107.99667500000133
35.487688000000084
2696.5007209999885
164.53509250000073
285.9361763333344
77.72607399999974
662.377225999999
220.39881899999816
619.2128290000028
243.72945699999917
92.49218800000011
1008.017276000001
273.2447845500003
91.97670099999937
182.57348899999693
193.9121909999993
379.8261946214293
3327.1685919999995
404.883334000001
285.7639180000006
164.72253500000133
272.54791100000176
3133.858678000004
720.6554060000035
559.3104380000015
262.3405280000002
1034.703832000006
73.2162550000003
67.12066199999953
2046.9122529999931
319.6232470000012
738.5818360000034
1733.4539889999978
759.0563589999965
1064.015279999992
686.2610630000029
22433.43780454992
176.42278299999978
676.8006675000024
86.0240329999996
233.73247300000202
438.76881966667213
84.9635330000001
1113.5078910000016
404.2121980000032
144.41554700000003
451.2248625000051
216.11719699999833
185.85144699999842
84.27092075000034
153.573417999999
69.74554399999963
800.5002209999953
503.17026599999787
993.8030410000061
138.64412699999951
35.15132100000041
6084.312654
102.31066899999932
19.804644000000067
1250.30534700001
548.2940559999995
225.83191400000027
254.746573999999
291.8746724357144
2039.5961990000017
823.3764010000019
2013.455278999997
185.44797000000102
294.85095300000165
831.4214430000009
153.93657699999957
32.4797400000001
52.610369999999804
193.33271599999838
580.2905320000001
1200.8189270000023
2084.9949934999877
623.2786760000029
101.80231800000085
130.39283100000011
91.19431499999888
132.7318440000003
378.4244274999987
799.4090285000038
156.38099799999927
994.8678240000025
227.74707700000022
484.1810360000031
602.9879230309547
500.4577649999962
374.14253700000023
924.0158927500037
4778.643070000015
83.36770400000024
36.04680199999953
1028.5052569999996
2190.350481000004
95.24680099999973
164.73741300000188
886.7657639999961
544.2487789999988
703.7323810000041
94.98629999999936
2404.222466999998
145.6230239999983
276.67132600000394
1390.8022139999978
578.6000149999983
22.848265000000282
55.40131000000047
72.55440299999972
429.3473250000037
4766.920938999972
2953.559858999959
149.31034299999914
918.1420520000137
184.05786999999685
120.3011149999997
255.29615800000323
325.292564
515.786162000002
244.75771099999884
472.24429600000104
1004.3261780000108
36.54925450000036
106.61178700000004
1037.7836499999942
313.24185499999754
700.6609180285758
971.1607770000061
505.6064864166675
1344.8463880000036
667.8355610000004
195.48205399999932
1980.2121249999814
394.959763833332
1498.2968726500055
334.7145720000008
172.24740900000015
2422.5823789999963
228.6683190000008
110.50483000000011
232.43442900000147
273.75752399999965
528.9447859999967
349.927268933332
91.66722849999978
142.489678
125.52045699999957
223.69585299999957
1280.314392
2031.6527840000153
454.62299500000074
146.49662899999996
21.410716999999934
109.53087425000024
124.70900199999983
1017.3082180000025
1825.3283830000134
463.9668513333368
324.77939799999893
594.922188030954
80.66621799999955
1244.2183139999984
170.90445199999982
442.07314099999996
1312.1532622023728
1089.8853590000026
39.99136700000003
226.5878680000006
2585.2098859999896
96.25089899999922
976.6658313333339
107.01429199999974
131.91537813333352
397.2812470000008
656.989374000004
1460.662476
545.6877446833356
520.6959429999929
341.1198600000002
1516.1613550000056
2030.3096440000154
494.9070399999965
155.17679599999923
2810.6659170000044
25.367509000000183
287.1192389999998
212.1915130000009
2044.796408999992
461.39427939999746
1996.6823189999993
242.4157347333332
99.49175099999944
920.3790613333332
611.1115400000002
177.62295100000057
95.33227400000008
1027.2831360000087
2928.8468559999674
1195.4909919999986
134.7776787500009
369.97931900000196
762.1962079999992
1288.3707559999996
1571.3637809999932
780.6528900000012
494.3929750000021
31.46736700000001
1340.1746979999948
538.738022000002
1041.132666000004
287.13987199999934
1042.1382194380878
1031.1293570000016
275.6752423333336
605.8047020000018
324.31176699999776
269.1501730000013
690.7237009999998
101.65216799999924
2362.6711940000064
1125.585690999993
1406.3960853999972
1371.4442304999914
2669.2793700000025
701.3995800000043
827.4618680000008
29.65731799999968
60.942127999999094
657.0655589999952
84.7941835666662
338.2285862666666
495.38021225000165
384.7285322499981
184.72748900000224
665.2140814999991
1995.8275720000083
27.205623000000088
456.9195949999969
41.484143999999795
864.5631260000032
62.50632799999912
304.1904600000004
225.12500200000102
339.4421659999983
363.185552
502.2677719999977
661.0829236666682
107.24985000000059
326.4454550000016
1268.0892439999893
437.4901020000009
362.96544499999976
3906.903292
92.96207199999937
48.06803000000002
196.3093810000001
232.54851199999968
69.81153299999994
34.48133599999972
588.7061402499996
724.484606933337
404.63855600000124
577.5609020000002
34.930908999999694
372.84507175000044
2888.909904199983
589.7124439999975
434.91610599999893
2523.8578849999944
185.6629250000001
82.91823199999955
483.7108040000008
301.0938947000007
219.32325550000047
1168.7662280000006
241.88937499999918
216.09277043333378
294.13570900000116
328.9733790000001
121.0017369999989
778.3696039999967
2108.67460833334
1585.4837850000024
604.6188179999966
304.5990940000014
226.40449120238137
1403.990300000007
980.1180559999974
646.5575229999977
280.18015800000035
67.94311699999987
2649.037877000005
329.34131399999904
50.85018700000032
442.5857599999954
1366.586385000005
23.362482000000114
78.38544600000002
171.95855300000053
1228.4705049999986
148.0376769999998
1399.2654018333433
445.63182599999857
132.5166070000005
299.2938579999991
538.6727290000002
304.7712377500019
353.8429730000005
501.14717033333096
494.99563384523833
62.10625100000043
373.713092000001
2742.6060559999937
136.85483400000064
1408.5405439999977
273.9298000000006
297.62870000000237
568.2810727500029
52.76776100000034
334.0803841333345
857.2704329999935
101.72187400000018
444.63548899999677
292.8897530000008
503.93607099999684
840.8960590000017
1656.5958530000132
273.73057299999965
270.63946300000134
839.5432059999987
194.64717799999931
593.4695017000017
61.17927899999994
115.34886299999958
19.76540400000009
337.23990100000117
275.36367000000047
287.60020199999906
191.34502200000028
805.4849050000032
165.80831500000116
721.6185790000009
2350.7022579999666
2234.488239000002
610.3795939999989
694.5003209999973
236.2906276000003
429.24513799999994
326.6600859999989
677.6925750000026
1059.7470890000084
175.18331366666703
1169.978236416669
52.203930000000256
103.1004435000006
192.8074122499992
879.3084409999933
281.68834785714284
1510.3377119999936
1174.7290160000027
1952.9567379999892
928.1738420000029
192.672561999999
65.82790900000062
291.86794800000024
764.1687370000099
647.2904290000001
792.6535290000022
322.87945700000137
1031.231494
465.17878499999875
1125.5417200000072
320.33458400000154
261.8583479999995
1100.5019880000054
89.09280899999963
967.530145000002
963.6094656666686
1199.9940970000014
87.31355200000021
922.1426039999944
411.6920865000005
207.4210810000001
216.23296325000283
707.0884180000038
19.985105999999927
56.943792000000016
200.10572399999947
183.70078699999877
4445.346462999977
343.76291199999895
152.74188399999923
651.023343000002
748.0521950000016
180.80367899999698
844.7067935000007
127.01911200000136
1290.8751029999985
996.328598000003
422.2018939999999
340.92574233333386
140.90959199999978
224.90626600000024
1601.01500301667
1147.4856060000002
329.2542386000005
101.73304700000024
93.03041199999947
614.5565733833338
172.36664200000143
184.39056699999992
351.89642300000105
81.42219799999914
1947.2371259999843
1115.8083129999925
1400.9688469999974
178.70677299999932
93.86002100000057
63.632050000000206
69.9252429999998
1145.6085903166693
235.4917300000024
1081.3796870000065
603.3624030000012
144.3126290000009
560.6311480000004
109.45603600000034
685.5141369999998
399.2369889999994
377.608085885718
133.12932600000173
667.1299069999986
3406.710019000026
503.1005890000034
938.7400830000003
95.93744099999938
134.21127300000026
479.3547080000052
235.6839559999993
70.76017299999913
241.4191430000013
736.0019599999958
1167.042065999993
728.7335760000019
998.8398550166664
197.41988499999937
932.592356000005
1920.2801160000095
1707.9072839999897
3223.5692619999986
1729.4104739999993
501.1934930000027
180.4615440000012
1607.3206690000056
184.9663844999994
614.4468183999993
875.0308129999995
102.9928909999995
25.136937000000295
224.8052549999992
249.8753980000002
1491.3104140000012
52.188589000000206
142.5773569999996
102.37915150000012
255.84819850000173
436.6738460000006
203.3708329999992
117.49008499999933
304.6304695000022
1881.7467169999943
1046.3147869999939
250.8455040000005
690.1041620000016
633.1979369999948
238.77306800000048
164.0659200000002
93.41614400000056
454.7459143333331
341.8710309999998
597.0749799999988
1082.4841950000068
616.6325900333326
271.07041900000195
641.9306270000025
469.50711099999734
5564.386270049942
71.25607600000019
298.04342400000013
326.44623200000177
82.95620500000003
153.93084399999984
167.1354639999996
275.2511759999989
92.37335699999944
167.4920020000004
24.602793000000062
150.26890400000013
491.188092999999
613.1933289999963
96.37620999999912
296.4774889999959
509.16487299999926
615.7663090000028
869.7162368333342
380.0929209999994
1288.1120622166707
39.47664499999925
1957.5253739999957
52.89200500000023
893.1363330000067
280.5643949999991
289.5891939999999
856.4411140000036
821.8379915000024
31.50308400000023
707.4887229999997
1602.093701999989
393.4079390000028
646.8001290000047
104.95344200000008
111.91958674999981
197.3618065500002
446.1050163999977
144.1956829999989
459.1754250000004
391.3590090000006
707.2582580000008
649.0341779999957
112.06871799999989
306.81949195000027
1505.4917960000016
322.48608499999955
31.659130000000033
399.83906199999865
61.92107199999954
407.0249210000014
33.866732999999925
191.56356125000144
24.57644000000029
253.00694599999912
145.24763700000008
925.8966630166645
357.44552899999877
3707.203521999986
2010.3676649999986
1106.4953650000039
22.37989800000028
813.4998379999977
195.34379900000084
87.93845139999998
313.9154941666665
319.9897529999994
501.91008600000356
409.9984126666666
235.99636800000022
202.1940749999994
159.24734500000008
557.2497804857151
207.171982
1062.3020490000094
174.41579800000082
275.995152500002
211.91052699999906
252.39432800000063
251.14872975000034
972.5283780000021
1495.7209120000082
1179.7069036666694
810.1406668309533
164.2319096333332
304.8137649999988
862.0255429999953
350.23876200000177
295.1820090000026
466.51316216666544
382.8505194333341
209.88582999999937
103.26966899999935
946.9145670000015
742.0531700000008
156.60617699999995
593.0696509999964
232.59713399999862
1246.4559589999974
145.05629166666563
1053.6697120000015
157.06163838333313
91.41970599999983
299.6559034999999
1816.4152758000016
110.91981066666725
417.5217559999968
266.3523134333337
85.98867099999937
206.8757019999993
708.199991000006
3978.69041700003
236.3451359999994
236.23151599999915
2048.167190000008
434.46547875000323
5643.485487000007
967.2674999999996
185.36671949999962
400.89702800000094
114.21499093333269
1081.0871710000033
512.6385380000029
262.11457300000137
1991.5420569999887
24.091803999999748
721.70081
822.8453780000074
65.96142099999956
207.1964830000006
307.2855260000016
65.24151266666665
34.94192399999996
294.4785269999992
468.1690489999992
856.2730140000006
181.9160260000008
153.8575080000001
1522.5620560000027
305.6162499999999
203.73563620000004
256.74673233333516
393.57044799999943
346.80466200000126
100.49970700000071
254.7609239999994
902.5106829999954
26.317557999999853
415.4029513499999
181.18393800000072
1032.7164190000049
225.6866900000009
272.14799350000027
246.1615049999991
4717.245735000046
1313.6699287999936
1523.1326479999905
118.08793199999913
1757.703100000011
561.4164650000027
651.5183909999994
902.4951620000008
155.31456299999908
1466.0988690000006
1587.3058909999977
1058.0501399999957
534.2287286666673
305.73446600000074
466.0392609999971
335.7489909999982
6309.460365999989
167.66717700000046
130.8255469999987
685.3565040000005
111.67726500000049
143.6271579999998
158.61855299999905
76.78048899999965
62.48673000000006
499.75236900000107
2671.336557999982
22.52056400000025
161.56248899999906
43.8094139999998
562.0065400000002
228.70076416666635
117.59335399999917
417.04546799999645
38.18076085476203
501.7161519999987
459.04874600000255
175.02792399999896
187.462602999999
182.62838300000038
267.27050700000086
258.55132200000025
622.3415510000021
1185.9953294999962
696.1918139999998
1682.675090999993
65.12140199999995
1205.7817440000051
895.5584690000051
161.1162739999993
123.40519099999906
279.4665309999983
472.0095900000022
836.9848828666698
401.9324450000017
372.1827649999998
1063.1562180000028
213.42938799999928
824.1747079999957
773.8537239999933
313.72797900000137
2653.6226069999907
442.3893169999996
128.46638799999818
578.1857969999998
880.3844509999951
228.0985234999997
257.545174999999
371.81555099999906
107.90247600000124
43.043482000000424
474.0320182666645
50.98683600000015
159.76654699999938
1438.6606339999912
211.86916700000074
1613.1110570000021
103.81432500000064
200.11091200000052
100.20668733333311
875.9041059999952
518.1803062499988
21.325230999999995
283.0084319999999
386.90105400000147
141.54896299999965
258.40111899999886
186.41348800000011
29.7784670000005
317.18741699999964
630.6920709999985
502.1152445000015
106.0422180000001
365.3672003333359
378.987936000003
253.96042699999902
1294.0949200833315
24.112798000000012
802.2313164999996
357.71599000000026
1756.5070339999902
463.5291820000059
388.9811699166677
279.18644700000067
1582.7475729999915
390.91289199999693
591.4020509999979
911.5921800000007
698.385623000005
236.28420700000277
419.91875199999623
362.52013074285617
1078.6999579999977
197.15332200000105
378.16661731666517
295.11800199999897
1065.456059266669
380.9563849166691
183.8195979999998
467.70571874999933
140.52668299999937
1698.3258690000089
1599.1459770000038
200.2839470000007
141.21333499999898
879.0500676000017
141.4755879999996
355.8342889999986
542.0690160000056
318.1726980000008
869.364849
91.38868399999932
1189.614198576194
371.3114497499998
644.1876496666613
278.0905590000005
350.3104052500005
602.3408920000014
396.28686699999844
1403.6054349999981
1316.7577012500024
255.0419799214285
165.71447720000072
57.427846999999296
1341.5886129999988
156.62489700000023
703.3954309999978
226.4204240000009
929.9403130000065
30.344249000000215
576.2447380000018
767.907708000005
1794.232321999993
29.357787999999765
47.935707000000015
321.4531030000046
681.0225969999989
332.58948199999895
1712.4018949999936
155.96064800000067
637.3816370000012
299.30326866666513
53.2230280000005
355.320213500004
120.14626400000084
1681.9333840000174
364.80979958333387
202.8993189999979
228.24285635714256
691.4641499999997
378.1175683000004
514.6045479999998
47.3297850000004
990.1511970000024
223.6923605000003
588.0562809999984
310.1745030000009
106.4273580000012
237.98027799999812
228.70076416666635
182.09546200000057
454.8577039999943
209.93408799999895
72.90446000000112
800.9417749999994
103.10767499999822
2005.987768199977
447.491521000003
1674.8521807500051
629.7952659999944
207.18633525000055
344.989104000003
833.2187940000011
1022.1544066666651
351.56628700000033
180.18879833333366
759.5129825000014
297.3646919999998
434.4191025833333
277.6627819999974
71.81599939999981
817.7866980000118
100.1653190000001
400.3631320000028
332.6457680000002
75.07313900000095
308.8175259999989
250.7022840000002
243.04386799999793
251.00699999999944
278.6372330000012
4287.154808999988
136.48820200000114
365.05563124999867
700.8263820000008
1143.6029269999965
734.4799329999998
273.2332720000019
1331.8025919999989
1107.8208139999956
1196.3656430000037
599.1498120000035
1283.3228279999978
130.0443030000009
3622.3980789999746
53.68326199999924
348.1486150000007
456.286278000001
537.6079949999935
313.08575960000127
149.42065999999906
1756.7643116000077
193.03062599999973
234.24806975000095
154.2584412857154
2068.5127559999905
377.1495549999979
614.0240360000012
26.262233999999946
1521.2336883000003
29.003552000000138
117.05918800000101
1062.7768490000037
151.06513199999938
262.0357344999971
1181.8812320000052
266.4293256833318
249.42582271428444
321.58951899999903
258.04410349999824
303.68003375000046
318.3845099999986
486.14071400000034
137.336402
664.721471749994
129.94241300000033
169.7481160000008
22550.7899975499
720.7764559999999
585.6018410000012
186.91535399999995
1225.1483439999943
1731.2593810000033
170.39905600000006
448.8127840000045
677.7501730000037
744.2888419999978
199.6141370000018
48.03403199999939
321.3958439999998
302.59237400000177
129.76635500000054
783.849292999999
229.74332699999937
789.1013640000048
1733.3895834999933
595.7023757499998
1779.3645619999952
134.2436749999998
263.9712692857147
209.2555459999981
43.81034800000003
451.80262900000355
246.54325799999788
881.6549065000005
1560.4160479999907
278.6050300000002
1512.7655595000083
557.754172000001
1103.3963469999978
730.8443610000019
225.87259399999917
1625.346756500008
103.73387700000062
69.330173
340.263518833331
423.22018699999916
671.7335490000048
153.2219303333332
186.6868240000001
403.1375399999983
15920.597691483383
180.65449800000007
262.5556852499995
388.54317966666724
507.70226699999984
22.627461000000196
2940.6602390000007
634.9946010000053
1218.9524980000015
515.8032570000001
252.3921249999999
956.9758920000054
1021.7983340000054
371.88521800000274
182.03541600000057
248.29341699999824
73.1559340000002
347.1969990000002
737.9907670000053
278.6380449999998
463.72168899999986
20.403517999999988
315.9094480000007
96.89095800000008
418.02204500000283
1035.0508490000045
742.9257775000058
982.1699920000011
965.9071529999962
229.25186
1343.7087372000044
283.42410099999915
429.0973399999964
1971.6649279999972
831.8477489999949
802.686005
61.68400600000039
59.37359499999938
366.2089429999991
2626.9057250000064
609.5466720000034
104.18192867857066
1057.4190310000115
931.3037050000042
658.4201333999966
1182.262693999998
270.92166999999927
231.4831909999991
1145.806214000002
767.1220989999969
341.27250933333147
599.5446900000019
1737.448685666676
139.04467400000013
1046.7147389999986
676.0280420000028
2562.1730480000238
13422.955213983356
35.415372000000005
224.78472500000083
19.949462000000196
509.0676390000018
3306.95551200003
951.2649529999929
788.6388870000042
221.3667400000008
151.7961029999991
134.24248600000053
1112.602204000001
408.1908494999996
53.856060000000184
119.08899099999937
162.39697000000072
491.74700300000075
150.68650599999953
75.35215299999962
185.4982795000027
176.33217299999916
266.02707600000315
504.5466750000003
651.083031833335
92.54873700000005
2928.4831399999853
799.4473969999988
86.74420199999865
395.0541699999996
1304.4908649999957
196.92429099999902
374.67235499999845
122.09672799999956
286.3387110000012
1133.9520051666696
370.79541824999797
30.188071000000043
81.46979699999976
562.922928
389.0206649999989
1417.2413023166532
782.0350169999989
360.27913390000253
433.2539440000037
276.1408429999994
83.71472299999986
433.3667650000024
957.5336100000097
806.1255240000005
276.3443040000001
706.0988349999997
76.1570819999992
1794.089073000005
1525.8275689999919
1224.4088270000027
88.51784800000046
386.2942550000034
805.478352000001
406.66817275000295
622.987776999997
36.27956399999926
59.18317400000007
863.9151200000014
925.6844630000038
123.60783900000077
2030.201958649998
1130.9359569999979
935.0207640000025
496.4504890000012
204.59711800000073
217.81696399999822
346.70069300000154
46.70152399999993
971.7444350000053
114.99186300000119
100.60781999999865
75.17345299999981
21.40438700000029
1667.5877290000033
686.4381330000001
280.2035294999997
484.46045200000117
689.3733140000012
2579.392687999989
1102.108772999999
171.68212899999844
167.4514450000019
21.898129000000118
350.9980614999992
529.116655999998
111.27333750000082
21.978298999999947
320.958692
277.4728369999996
786.3722940666686
114.15273359523796
348.2930479999997
19.378454999999935
805.6079269999991
301.37319899999846
2239.9469500000064
871.1463619999977
2407.255673000015
647.8966859999983
231.68859500000028
119.57439449999912
1110.6552920000006
119.87150200000015
109.30795799999919
913.4712200000032
295.86827099999897
21.341759000000028
247.60475925000154
362.9278520000011
485.57914799999855
248.0766360000006
1061.7290899999996
487.15714409761813
163.86731400000008
1223.974831000004
666.6614350500049
1112.7657410000004
622.9349621666636
504.40253549999625
230.58070500000045
349.2009115000011
70.56885999999997
355.38551600000085
395.36589300000276
795.5100602500014
124.54732199999984
614.4468183999993
1324.9886440000082
214.32266300000128
612.5090050000017
1061.6019749999975
45.1014480000001
620.8286870000007
1658.3871839999986
252.5501736666664
86.10621699999999
463.48016599999903
20.994905999999933
1214.4692179999943
272.19660599999844
395.7386290000035
1290.4531360000042
3670.529203000022
202.42896900000122
301.5734280000006
3702.7977420000193
669.9116510000024
928.236392000008
121.60399856666561
103.27338299999965
45.654791999999375
3806.8709890000027
1367.4069137999954
1982.074840999998
297.75845199999765
487.29514899999987
214.48456200000047
202.8281779999998
1253.3640930000006
754.7399409999999
1330.470205266663
471.5967542857202
664.2768860000032
811.2405809999975
175.67231399999895
1250.6165560000054
448.49802050000227
280.1735645833327
317.4770365666658
510.76898300000107
461.81249699999995
1292.5165184999903
192.2120126666675
1618.69569100002
505.14784600000536
951.1173319999986
286.87917699999946
486.42525673333455
170.06860500000062
857.0482809999992
885.9585769999965
28.338194842857117
659.0954818000014
686.6689380000003
284.6373100000007
82.84654900000024
315.0523810000003
433.10869800000154
3395.7397779999997
87.51144999999947
21.513341000000192
1197.8577839999934
781.0570160000109
142.1801240000004
277.4089200000002
1545.8645079999994
22.69830599999999
86.01098399999981
212.84864299999862
314.6902149999999
753.325547999996
1620.7410392142854
241.51216699999924
816.1910479999972
711.6673320000023
2399.27687100001
190.8142208690493
1437.5085500000052
88.12659899999963
1015.3934943999933
343.31454826666743
1303.484658000003
999.9018909999961
772.5614980000014
1519.520223
650.0819490000015
64.48231599999966
224.86584600000003
692.1555430000025
893.7639740000049
77.57737446666671
176.96650500000058
303.5561440000022
511.7755640000023
117.51473800000113
1003.1467219999926
331.8985894999998
1311.992210999994
174.18117100000075
4210.321813000026
1460.0327700000082
37.26027699999996
63.587178
278.2922724333334
948.305410000004
1481.872710000005
424.33303999999714
28.949386000000175
393.0442450000017
1091.4764019476233
646.5599130000037
454.6545049666676
473.677214
234.29204900000158
1217.343682000004
602.3143677166656
1010.083701000002
28.670207000000058
240.45688699999792
120.33111899999952
872.3814320000018
762.6595269999997
322.3797550000002
1749.206915000001
147.27723000000054
363.9285759999981
764.8843380000014
85.06232800000065
264.8304374999996
248.98434099999815
134.74396900000013
66.13162199999974
407.6793519999987
2761.8857730000104
67.80627500000082
64.36846300000005
431.4355429999979
264.5122029999991
893.1606686142894
1039.962617000011
1843.7262729999973
973.1938862499995
357.3136169999985
239.42442499999888
1233.3613769999954
755.501652000007
884.4169048333287
196.5328848333333
508.39172106666894
804.1335439999972
169.92205300000091
429.50897865237835
319.63138300000253
26.2733640000001
120.13528374999973
436.14866599999914
299.56656300000117
156.9764680000003
598.1799190000019
56.220659000000474
358.4662126666652
109.93949600000082
128.12870499999923
179.58968399999952
1644.2673728999907
439.83255720000017
198.9728650000021
1129.9217539999995
580.2542249999984
997.0114779999986
193.82364199999827
223.2388480000001
180.62989499999912
238.71828899999952
1779.9721470000045
1381.10481700001
240.5676740000001
430.7527099999972
245.10271000000014
80.89158699999945
909.3987499999995
1847.0205350000156
208.62620599999943
134.98422099999948
258.1273470000019
211.02140400000027
1174.6857109999974
995.6893144999901
474.1155109999992
478.0410219999967
527.1799220000036
1559.3694590000084
267.87867199999994
606.9952479999982
109.12388899999978
21.524838999999893
60.758821000000296
581.5429599999992
330.1888690000002
423.68458300000106
317.64774500000203
80.05358600000022
353.83227099999937
541.8053200000011
99.66153999999969
294.86743800000005
548.642599333333
858.2264359999979
399.15322400000116
774.2247109999961
1972.4728930000103
1368.2577441666685
218.2131482666668
1037.4952699999935
601.1645099999954
4477.450939000026
1153.9023411249977
2815.505997999992
1625.6600740000074
640.6055700000001
1005.5299460000027
1443.4271990000018
25.63674299999989
4146.018729000004
50.71483433333354
718.1028789999979
203.59125999999938
166.18877463571556
687.8677219999998
308.4700119999996
69.86227999999949
271.34639099999896
714.5877354166677
467.82297399999845
1152.310620999999
232.71123675000058
236.98619099999897
628.3099979999965
44.12970799999993
20.636088000000118
1911.4609500000113
33.27719613333342
826.5942053999963
109.60321393333295
144.4225639999994
1594.2002039999898
1089.0411889999955
70.72520700000038
292.1686689999996
207.4210810000001
260.76607000000206
414.64675700000004
64.81458100000002
969.0595810000004
179.2559339999986
1071.0907109999841
75.08840299999977
898.8841809999993
380.1768720000013
1289.962005
776.3468010000062
929.269417000006
108.4069019999997
1110.5130151095223
485.4223620000023
604.3726549999996
316.6405403000017
1504.637589000006
115.72877299999902
235.26207024999965
29.803177999999875
925.7921639999937
68.71698999999889
287.03439700000024
214.39376800000042
250.32395699999924
509.8444969333294
858.1062374666667
186.50434499999952
528.0087850000009
99.61137699999986
657.550236199999
3292.156129000013
976.0475419999989
76.70686699999955
1138.8562600000046
152.04752700000037
698.764758
2911.0834900000027
594.9919560000002
919.6600259999983
6247.648645999929
651.850843666666
342.3621430000008
367.7720037499998
190.183243
704.7963330000023
923.5474259999935
334.5478559999974
576.6093650000004
171.6053060000003
435.3349259999995
34.28633300000005
945.3205900000034
408.4794177499994
1390.6034556333366
95.13403899999949
730.5968299999939
71.6607270000004
961.3551610000063
1352.0234079999866
1383.263236000001
786.926898999999
224.47898553571474
194.29996700000197
79.64068900000021
3141.778919000013
460.3496189999986
160.0416300000005
697.658237000005
136.59431099999924
4646.351215999966
175.01831500000006
261.8332289999995
1318.9549000000027
147.5588209999999
184.49741099999906
317.31138299999776
26.416898000000142
125.44956599999975
528.780019416666
3495.619091999997
1330.9090229999968
172.3264643333327
60.96801499999975
934.1185360000043
48.80000099999972
667.8837189999995
1359.079165999998
865.4159620000028
487.8642659999997
20665.641164066546
3300.1447890000027
881.544931000005
5392.37488599999
1201.4636223333341
981.7121800000037
260.2448150000009
446.3294820000046
526.7509260000008
1450.6699050000038
1145.4067549999957
1836.0138059999947
251.41945299999975
124.03067999999995
443.1480049999972
900.3754680000026
1491.4567940000056
133.37983599999941
253.47259699999964
164.6268129999992
2364.091989000004
963.1291399999991
127.43155600000017
546.4282009999981
146.60842599999995
407.93707700000016
142.72343499999985
93.33319399999925
321.1631140000003
1016.5112260000026
261.15926000000144
298.8767605000032
418.6257869999995
981.6462142142882
26.613696999999995
237.64984799999877
3692.457077999962
943.1118016666666
300.30314043333334
344.66703500000307
1375.1050370000082
339.800039000001
23.171364000000143
279.384180000002
107.1212659999995
5544.412254999977
396.79400943333366
132.64221100000046
663.5588820000031
350.3880940000016
514.7239620000037
85.43384500000002
539.1636750000015
76.70686699999955
4114.996277999968
982.781076000003
37.7566739999999
1356.6881969999997
21.365279000000086
992.2768540000077
475.9899780000014
2603.290061
308.5725710000007
734.1825950000037
288.3140519999998
5970.927673999969
1887.6621020000084
656.808506000005
388.3458476833353
574.3376779999994
223.46419166666763
35.537867000000034
218.56318999999914
323.318927999998
342.5058392499998
121.7151929999981
1186.1738729999965
623.7601100000006
310.74864899999864
439.5333440000025
873.2146059999985
511.1000276666627
946.77911
990.5306870000012
65.04163199999952
122.88204899999984
56.377011000000266
834.8162886999971
1186.772566000003
624.9326569999995
871.0911640000027
209.88582999999937
50.07164699999962
1321.6562620000043
2274.9259839999995
245.19671800000083
561.6647789999962
258.48730999999935
121.05290699999956
275.47943700000155
231.5447090000015
203.39237399999942
158.88297699999944
92.7472989999989
66.74348549999962
2167.5942509999954
371.9490708333336
26.082314999999927
318.0494230000005
297.86088299999966
190.92170175238059
282.4508070000009
514.0901417499991
769.6539945999995
68.61673100000088
267.1786530000008
304.7536601666659
1572.5625530000038
470.3158459999986
381.2995419999978
371.22493399999934
31.154572000000222
165.1989630000008
406.840160999998
97.95186999999872
92.05235499999952
1640.8483353333331
578.7045959999981
325.1184680000002
229.13371399999832
854.1044470000029
919.2726209999977
481.5857210000007
799.7538829999934
81.58428699999988
926.4529559999997
129.71952940000003
87.48610200000113
276.29764033333436
1182.0625930000035
75.8586609999999
128.25032599999847
401.20777000000203
641.2460055333349
323.2432660000003
707.9596006666637
346.2619830000015
521.0247886666638
211.1032400000001
406.62339199999974
120.81167700000029
366.1111404999982
433.05493276428115
141.08235400000024
306.57785300000035
294.775866999998
289.14549199999874
340.24197999999893
23.06502700000029
48.46004900000036
933.5286529999952
195.4515260000015
1045.4516719999986
1331.1010339999907
3292.7892930000003
296.12376399999965
20.087635000000034
198.17803199999992
411.0231560000018
55.65442100000026
388.49766100000045
415.0307969999974
487.6910449833363
1864.6877040000081
108.27732699999987
189.82864006666762
235.94356499999725
97.17562499999987
1147.6401061190443
209.44439900000154
126.67965666666575
342.785527999998
501.74557500000196
265.4798689999993
44.89866333333369
401.9536397714304
863.8022020000016
182.79243900000037
1325.997247999993
198.85931800000122
1208.908358999997
286.81119899999965
337.1011740833349
4711.701137000004
142.03963766666706
767.2276790000022
790.2609410000014
114.62027599999982
170.16518500000038
172.66074699999942
352.37081299999954
544.1040519999993
301.59762000000256
647.9605479999972
43.77988999999978
1733.8628959999876
142.93381899999838
906.7223340000057
1975.5876969999981
527.5936939999996
240.13988500000124
60.23209000000074
388.36047483333505
137.66802149999995
882.3983170000012
513.7989309999997
142.3055545333336
890.2938913333367
709.9025109999984
1691.7261506000052
208.38037124999957
78.291951
448.86550699999856
128.94798799999978
1268.1782740000044
947.5099970000019
